tp: 118.0
fp: 269.0
all: 819.0
recall: 0.14407814407814407
precision: 0.3049095607235142
F: 0.1956882255389718